camera_matrix:
  cols: 3
  data: [320.83628590652455, 0.0, 320.2332167518086, 0.0, 323.04325776720174, 234.12811257055012,
    0.0, 0.0, 1.0]
  rows: 3
camera_name: autobot02/camera_node
distortion_coefficients:
  cols: 5
  data: [-0.24241406656348882, 0.0402747578682183, -5.477653022258039e-06, -0.0005012637588869646,
    0.0]
  rows: 1
distortion_model: plumb_bob
image_height: 480
image_width: 640
projection_matrix:
  cols: 4
  data: [211.56044006347656, 0.0, 318.87211753874, 0.0, 0.0, 268.90362548828125, 231.14138426406498,
    0.0, 0.0, 0.0, 1.0, 0.0]
  rows: 3
rectification_matrix:
  cols: 3
  data: [1.0, 0.0, 0.0, 0.0, 1.0, 0.0, 0.0, 0.0, 1.0]
  rows: 3
